7 9 1 1 1 16 7 3 12 12 2 16 7 3 5 6 2 2 1
12 12 2 2 1 7 9 1 5 6 2 16 7 3 3 11 3 2 2
5 6 2 2 1 12 12 2 3 11 3 7 9 1 10 4 2 2 2
3 11 3 3 2 5 6 2 10 4 2 12 12 2 22 12 2 2 2
10 4 2 2 1 3 11 3 22 12 2 5 6 2 11 10 2 2 2
22 12 2 2 1 10 4 2 11 10 2 3 11 3 21 8 2 2 2
11 10 2 2 1 22 12 2 21 8 2 10 4 2 8 6 2 2 2
21 8 2 2 1 11 10 2 8 6 2 22 12 2 23 3 2 2 2
8 6 2 2 1 21 8 2 23 3 2 11 10 2 24 1 2 2 2
23 3 2 2 1 8 6 2 24 1 2 21 8 2 17 6 2 2 2
24 1 2 2 1 23 3 2 17 6 2 8 6 2 1 11 3 2 2
17 6 2 2 1 24 1 2 1 11 3 23 3 2 25 6 2 2 2
1 11 3 3 2 17 6 2 25 6 2 24 1 2 1 11 3 2 2
25 6 2 2 1 1 11 3 1 11 3 17 6 2 9 6 3 2 2
1 11 3 3 2 25 6 2 9 6 3 1 11 3 13 12 1 2 2
9 6 1 3 2 1 11 3 13 12 1 25 6 2 14 6 1 1 1
13 12 1 1 1 9 6 3 14 6 1 1 11 3 1 11 3 1 1
14 6 1 1 1 13 12 1 1 11 3 9 6 3 18 5 2 1 1
1 11 3 3 2 14 6 1 18 5 2 13 12 1 19 2 2 2 2
18 5 2 2 1 1 11 3 19 2 2 14 6 1 4 3 2 2 2
19 2 2 2 1 18 5 2 4 3 2 1 11 3 6 12 2 2 2
4 3 2 2 1 19 2 2 6 12 2 18 5 2 15 6 2 2 2
6 12 2 2 1 4 3 2 15 6 2 19 2 2 20 6 2 2 2
15 6 2 2 1 6 12 2 20 6 2 4 3 2 2 11 3 2 2
20 6 2 2 1 15 6 2 2 11 3 6 12 2 16 7 3 2 2
2 11 3 3 2 20 6 2 16 7 3 15 6 2 16 7 3 2 2
